100   2
1	1
1	1
2	0.75
2	0.75
2	0.75
2	0.75
2	0.75
1	1
1	1
1	1
2	0.75
2	0.75
1	1
2	0.75
1	1
2	0.75
2	0.75
1	1
1	1
1	1
1	1
2	0.75
2	0.75
1	1
2	0.75
1	1
2	0.75
2	0.75
2	0.75
2	0.75
1	1
2	0.75
1	1
2	0.75
1	1
2	0.75
2	0.75
1	1
2	0.75
1	1
2	0.75
2	0.75
2	0.75
2	0.75
1	1
2	0.75
2	0.75
2	0.75
1	1
1	1
2	0.75
1	1
2	0.75
1	1
1	1
1	1
2	0.75
2	0.75
2	0.75
2	0.75
1	1
1	1
1	1
1	1
2	0.75
1	1
1	1
1	1
2	0.75
1	1
2	0.75
1	1
1	1
2	0.75
2	0.75
1	1
2	0.75
1	1
1	1
1	1
2	0.75
1	1
1	1
1	1
1	1
2	0.75
1	1
2	0.75
2	0.75
2	0.75
1	1
1	1
2	0.75
1	1
2	0.75
1	1
1	1
2	0.75
1	1
2	0.75